6.44
6.97
6.49
6.01
5.85
5.46
5.15
4.74
4.60
4.64
4.75
4.36
4.21
5.47
5.03
5.66
5.53
5.32
5.09
5.17
5.47
5.59
5.38
5.27
5.17
6.04
5.80
5.33
5.43
5.47
5.52
5.20
4.87
5.12
4.33
4.78
6.80
6.13
6.52
7.04
6.60
6.15
5.74
5.08
5.23
4.82
4.59
4.22
4.20
4.23
3.89
3.98
4.71
4.89
4.82
4.56
4.19
4.66
4.40
4.12
3.79
4.13
6.01
6.25
7.89
7.58
7.13
7.36
7.11
7.18
6.61
6.07
5.59
5.70
5.26
4.92
4.53
4.39
4.75
4.37
5.47
6.55
6.26
5.90
6.07
5.82
6.52
6.24
6.14
5.66
5.52
5.16
4.44
5.05
4.64
5.89
5.90
5.75
5.75
5.45
5.17
5.16
4.99
5.55
6.19
7.29
7.75
8.97
8.65
8.92
8.78
9.04
8.72
9.11
9.50
9.14
8.97
9.87
9.80
9.41
8.42
7.74
7.60
8.45
9.29
8.55
8.22
8.12
9.23
8.12
7.63
7.26
7.02
6.85
7.03
6.02
5.54
5.17
5.19
5.02
4.70
4.85
5.03
4.62
4.21
