19.38
33.52
13.85
18.37
22.25
20.16
18.70
21.20
23.52
21.99
25.01
17.72
17.39
19.29
16.39
20.68
17.08
14.11
16.71
16.75
14.32
15.28
14.32
23.22
14.47
15.67
22.04
15.11
15.39
21.90
14.96
13.19
42.15
18.66
14.17
31.73
13.40
15.66
31.75
24.30
13.19
32.05
21.32
16.27
32.64
19.68
14.67
20.30
22.36
15.15
23.78
21.51
16.20
23.66
19.67
15.37
27.36
19.29
14.18
21.16
17.17
24.67
18.48
13.12
14.65
22.96
23.56
13.60
16.31
20.62
20.91
14.22
23.28
14.69
19.72
24.49
19.52
22.59
22.67
23.36
19.85
25.92
17.66
18.59
26.23
17.26
28.41
33.44
26.76
18.51
26.25
17.32
15.00
31.94
23.22
15.20
28.30
18.52
19.69
35.24
17.06
12.70
30.77
18.53
23.74
25.81
18.54
24.22
23.01
18.56
13.73
27.65
16.74
17.26
31.97
16.42
21.41
26.82
15.62
15.45
18.54
19.02
24.26
22.55
19.36
20.55
23.85
16.67
19.66
17.23
22.04
17.34
16.89
29.06
18.55
14.60
23.41
16.08
13.65
23.76
15.17
14.77
26.41
33.50
16.69
