5.62
5.65
6.24
7.62
7.81
7.27
7.16
6.99
7.39
7.43
6.83
7.41
6.89
6.66
7.57
8.27
7.93
7.70
7.43
8.03
7.79
9.22
9.36
9.81
10.46
10.10
10.26
10.11
9.70
9.80
9.58
8.42
8.22
8.21
7.50
7.06
6.89
7.33
7.06
6.74
6.52
6.24
6.06
5.68
7.15
6.58
7.51
7.07
6.58
5.57
5.44
5.57
5.31
5.28
5.10
4.69
4.68
5.35
5.08
5.22
5.12
5.91
5.99
5.99
5.83
6.48
6.77
6.70
6.12
5.79
5.33
5.38
7.51
6.91
6.39
6.43
6.40
6.12
6.27
6.08
6.82
6.91
6.52
6.25
6.47
6.27
7.07
6.66
6.13
6.07
5.98
5.74
5.74
5.44
5.89
5.54
6.30
6.92
6.01
5.85
6.58
7.09
8.19
7.85
7.78
8.13
7.96
7.33
6.59
6.78
6.96
7.00
6.68
6.14
7.64
7.27
7.33
7.34
6.91
7.88
7.42
7.46
6.86
6.74
8.69
8.07
7.87
7.48
7.20
7.50
7.14
6.64
6.24
6.54
6.10
5.94
5.46
5.59
4.97
4.81
4.74
5.18
5.17
5.48
