25.22
16.27
16.14
17.11
15.14
20.15
26.07
13.85
19.58
28.06
17.32
18.87
25.77
26.03
17.98
25.12
26.68
13.94
24.87
27.84
16.47
25.31
25.30
17.23
19.33
24.57
16.06
13.32
23.82
18.20
13.58
17.15
16.07
19.33
24.61
16.56
30.10
25.96
24.17
18.31
23.34
22.90
17.10
21.45
25.77
12.57
30.06
27.23
11.89
23.57
26.01
14.53
23.77
31.40
13.33
15.66
21.76
18.52
16.67
17.34
19.16
15.77
21.94
21.00
15.23
19.52
22.31
17.82
22.67
17.35
18.27
20.09
28.04
23.21
21.48
31.42
20.41
24.77
31.99
20.34
30.09
31.02
22.71
30.56
27.74
20.51
27.72
30.33
16.58
28.54
40.38
14.82
29.04
26.24
17.05
23.85
35.54
15.80
22.82
34.98
14.70
20.61
31.05
18.94
17.13
30.24
16.69
17.11
48.82
14.33
18.99
24.46
18.45
17.56
20.83
20.07
18.05
20.05
18.99
12.00
12.67
18.74
18.78
27.22
23.10
17.04
23.67
15.19
20.22
23.04
21.73
20.28
25.62
27.02
19.45
27.43
27.64
17.35
22.96
26.91
16.23
27.86
28.92
15.89
25.43
